ASC1 = 0.6221660274207358
B_age_shared_in_{1,2} = 0.09135694963015657
B_nbv_shared_in_{1,2} = -0.10071753732004989
B_female_shared_in_{1,2} = 0.1471765409228774
B_night_shared_in_{1,2} = -0.1285953240550668
B_secured_shared_in_{1,2} = -1.3558831736092996
B_observed_shared_in_{1,2} = -0.12463809117157625
MU_12(light_nest) = 0.47561895719957226
ASC2 = 0.6640229975351974
B_age_alt3 = -0.09135694963010606
B_nbv_alt3 = 0.10071753732024386
B_female_alt3 = -0.1471765409233222
B_night_alt3 = 0.12859532405458762
B_secured_alt3 = 1.355883173609299
B_observed_alt3 = 0.12463809117154472
