ASC1 = 0.6239994713464967
MU_12 = 0.4753829895737938
ASC2 = 0.49367655087873535
