ASC_1_minor = 0.8546617548749237
B_age_shared_in_{1,2} = -0.035714040909910164
B_nbv_shared_in_{1,2} = -0.0127700919947656
B_female_shared_in_{1,2} = 2.222988444140552
B_night_shared_in_{1,2} = -0.5007129881446376
B_secured_shared_in_{1,2} = -4.416237742325451
B_observed_shared_in_{1,2} = -0.36646805618010814
MU_12(light_nest) = 0.14651586071118666
ASC_2_none = 0.9904944535782716
ASC_3_hosp = 3.522671514445587
B_age_alt3 = -0.22415869347078407
B_nbv_alt3 = 0.1930309556882908
B_female_alt3 = 1.9555179945220371
B_night_alt3 = -0.249784589607856
B_secured_alt3 = -1.817198949526589
B_observed_alt3 = -0.11992026501589229
